# Created by Octave 3.0.1, Thu Oct 04 09:04:38 2012 BRT <drebs@joselito.semvergonha.org>
# name: x
# type: matrix
# rows: 401
# columns: 5
 0 NaN NaN NaN NaN
 0.007853981633974483 0.9999922893814706 0.9999614472640738 0.9998380845018899 0.9993447247631457
 0.01570796326794897 0.9999691576447897 0.9998457939313952 0.999352430388513 0.9973804366474895
 0.02356194490192345 0.9999306051466775 0.9996530546265924 0.998543314741308 0.9941117441651285
 0.03141592653589793 0.9998766324816606 0.9993832537218155 0.9974111991579846 0.989546313940339
 0.03926990816987241 0.9998072404820648 0.9990364253333903 0.9959567294456386 0.9836948494107234
 0.0471238898038469 0.9997224302180006 0.9986126133171352 0.9941807351914231 0.9765710610986094
 0.05497787143782139 0.9996222029973469 0.9981118712623394 0.9920842292110722 0.9681916285421674
 0.06283185307179587 0.9995065603657319 0.997534262484406 0.9896684068756745 0.9585761540007769
 0.07068583470577035 0.999375504106507 0.9968798600161605 0.9869346453171691 0.9477471080738907
 0.07853981633974483 0.9992290362407229 0.9961487465978246 0.9838845025131318 0.9357297673969293
 0.08639379797371932 0.999067159027095 0.9953410146656572 0.9805197162514944 0.9225521446014849
 0.0942477796076938 0.99888987496197 0.9944567663392637 0.9768422029759375 0.9082449107503051
 0.1021017612416683 0.9986971867792876 0.9934961134075784 0.9728540565127696 0.8928413104800195
 0.1099557428756428 0.9984890974505379 0.9924591773135167 0.9685575466802004 0.8763770701063648
 0.1178097245096173 0.9982656101847157 0.9913460891373036 0.963955117780988 0.8588902989676267
 0.1256637061435917 0.9980267284282714 0.9901569895784801 0.9590493869795332 0.8404213843021373
 0.1335176877775662 0.9977724558650573 0.9888920289365863 0.9538431425645679 0.8210128799748377
 0.1413716694115407 0.9975027964162699 0.9875513670905304 0.9483393420986692 0.8007093893861151
 0.1492256510455152 0.9972177542403928 0.9861351734766397 0.9425411104559119 0.7795574429132588
 0.1570796326794897 0.996917333733128 0.9846436270654023 0.9364517377490459 0.7576053702509297
 0.1649336143134641 0.9966015395273317 0.9830769163368975 0.9300746771476704 0.7349031680319338
 0.1727875959474386 0.9962703764929414 0.9814352392549244 0.9234135425889476 0.7115023631232891
 0.1806415775814131 0.9959238497369003 0.9797188032398245 0.9164721063824752 0.6874558720050388
 0.1884955592153876 0.9955619646030801 0.9779278251400116 0.9092542967110205 0.6628178566504535
 0.1963495408493621 0.9951847266721969 0.9760625312022028 0.9017641950288745 0.6376435773361454
 0.2042035224833366 0.9947921417617265 0.9741231570403638 0.8940060333596771 0.6119892428191537
 0.2120575041173111 0.9943842159258137 0.9721099476033659 0.8859841914956185 0.5859118583252351
 0.2199114857512856 0.9939609554551798 0.9700231571413624 0.8777031941000014 0.5594690717983916
 0.22776546738526 0.9935223668770242 0.9678630491708921 0.8691677077152138 0.5327190188660431
 0.2356194490192345 0.9930684569549262 0.9656298964387052 0.8603825376782244 0.5057201669772333
 0.243473430653209 0.992599232688738 0.9633239808843284 0.8513526249457868 0.4785311591728059
 0.2513274122871835 0.992114701314478 0.9609455936013647 0.8420830428315916 0.4512106579466129
 0.259181393921158 0.9916148703042192 0.9584950347975406 0.8325789936576745 0.423817189655522
 0.2670353755551325 0.9910997473659748 0.9559726137535005 0.8228458053224461 0.3964089899332731
 0.2748893571891069 0.9905693404435771 0.9533786487803565 0.8128889277877656 0.369043850559112
 0.2827433388230814 0.9900236577165576 0.9507134671760015 0.8027139294875413 0.341778968226621
 0.2905973204570559 0.9894627076000186 0.9479774051801867 0.7923264936603914 0.3146707956512763
 0.2984513020910304 0.9888864987445044 0.9451708079283752 0.781732414608952 0.2877748954470336
 0.3063052837250049 0.9882950400358694 0.942294029404374 0.7709375938884753 0.2611457971926911
 0.3141592653589793 0.987688340595138 0.9393474323917529 0.7599480364274001 0.2348368580979383
 0.3220132469929538 0.9870664097783652 0.9363313884240556 0.7487698465826342 0.2089001276669131
 0.3298672286269283 0.9864292571764955 0.9332462777338139 0.7374092241323285 0.1833862167437919
 0.3377212102609028 0.9857768926152086 0.9300924892003637 0.7258724602089609 0.1583441713104655
 0.3455751918948773 0.985109326154774 0.9268704202964826 0.7141659331756014 0.1338213513907849
 0.3534291735288518 0.9844265680898917 0.9235804770338418 0.7022961044482556 0.1098633153992009
 0.3612831551628262 0.9837286289495357 0.9202230739072927 0.6902695142672287 0.08651371025397343
 0.3691371367968007 0.9830155194967916 0.9167986338379889 0.6780927774204852 0.06381416755650859
 0.3769911184307752 0.9822872507286887 0.9133075881153518 0.6657725789220079 0.04180420611888361
 0.3848451000647497 0.9815438338760326 0.9097503763378917 0.653315669648198 0.02052114110128552
 0.3926990816987242 0.9807852804032307 0.906127446352888 0.6407288619353765 1.030383552423335e-16
 0.4005530633326986 0.9800116020081155 0.9024392541949395 0.6280190251414829 0.0197265542952001
 0.4084070449666731 0.9792228106217657 0.8986862640233946 0.6151930811750801 0.03862829317782235
 0.4162610266006476 0.9784189184083201 0.894868948058665 0.602257999994809 0.05667748456209332
 0.4241150082346221 0.9775999377647906 0.8909877865174375 0.5892207950824382 0.07384894753101236
 0.4319689898685966 0.9767658813208725 0.8870432675467897 0.5760885188926915 0.09012009926879722
 0.4398229715025711 0.9759167619387472 0.8830358871572187 0.5628682582830281 0.1054709941756511
 0.4476769531365455 0.9750525927128867 0.8789661491545941 0.549567129926584 0.1198843550871799
 0.45553093477052 0.9741733869698495 0.874834565071042 0.5361922757114754 0.1333455965453536
 0.4633849164044945 0.973279158268075 0.8706416540947715 0.5227508581296829 0.1458428400925565
 0.471238898038469 0.9723699203976767 0.8663879429988538 0.509250055658738 0.157366921584938
 0.4790928796724435 0.9714456873802269 0.8620739660689619 0.4956970581394322 0.1679113905458606
 0.486946861306418 0.9705064734685425 0.8577002650300823 0.4820990621527763 0.1774725016046935
 0.4948008429403924 0.9695522931464636 0.8532673889722072 0.4684632663994293 0.1860491980904126
 0.5026548245743669 0.9685831611286311 0.8487758942750212 0.4547968670848163 0.1936430878733876
 0.5105088062083414 0.9675990923602598 0.8442263445315893 0.4411070533131475 0.2002584115722747
 0.5183627878423159 0.9666001020169072 0.8396193104710563 0.4274010024935369 0.2059020032660178
 0.5262167694762904 0.9655862055042406 0.8349553698803734 0.4136858757614181 0.2105832438735245
 0.5340707511102649 0.9645574184577981 0.8302351075250562 0.3999688134184284 0.2143140073855489
 0.5419247327442394 0.9635137567427489 0.8254591150689907 0.3862569303939301 0.2171086001546155
 0.5497787143782138 0.9624552364536475 0.8206279909932945 0.3725573117313061 0.2189836934693913
 0.5576326960121883 0.9613818739141859 0.8157423405142469 0.3588770081021589 0.2199582496596897
 0.5654866776461628 0.9602936856769431 0.8108027755002974 0.3452230313515112 0.2200534419972173
 0.5733406592801373 0.9591906885231273 0.805809914388167 0.3316023500770841 0.2192925686751832
 0.5811946409141118 0.9580728994623192 0.800764382098049 0.3180218852457036 0.217700961166932
 0.5890486225480862 0.9569403357322089 0.7956668099479273 0.3044885058498544 0.2153058872797917
 0.5969026041820608 0.9557930147983302 0.7905178355670177 0.2910090246073681 0.212136449235277
 0.6047565858160352 0.9546309543537912 0.7853181028083506 0.2775901937072043 0.2082234771206375
 0.6126105674500097 0.9534541723190013 0.7800682616605005 0.2642387006042376 0.203599418069432
 0.6204645490839842 0.9522626868413954 0.7747689681584813 0.2509611638659395 0.198298221540309
 0.6283185307179586 0.9510565162951535 0.7694208842938134 0.2377641290737884 0.1923552210734533
 0.6361725123519332 0.9498356792809176 0.7640246779237803 0.2246540647822146 0.1858070129131887
 0.6440264939859076 0.9486001946255046 0.7585810226798844 0.2116373585378306 0.1786913318929726
 0.6518804756198822 0.9473500813816162 0.7530905978755138 0.1987203129616579 0.1710469249854756
 0.6597344572538566 0.9460853588275452 0.7475540884128384 0.1859091418970146 0.1629134229255765
 0.6675884388878311 0.9448060464668779 0.741972184688939 0.1732099666256703 0.1543312103179217
 0.6754424205218056 0.9435121640281935 0.736345582501192 0.1606288121548352 0.1453412946431775
 0.68329640215578 0.9422037314647596 0.7306749829519162 0.148171603577485 0.13598517457825
 0.6911503837897546 0.9408807689542253 0.7249610923522982 0.1358441625084765 0.1263047080455638
 0.699004365423729 0.9395432968983092 0.7192046221256083 0.1236522035988485 0.116341980404969
 0.7068583470577036 0.9381913359224839 0.7134062887097194 0.1116013311306413 0.1061391731990096
 0.714712328691678 0.9368249068756614 0.7075668134589479 0.09969703569451545 0.09573843385815201
 0.7225663103256524 0.9354440308298675 0.7016869225452205 0.08794469095237799 0.0851817467671348
 0.730420291959627 0.9340487290799186 0.6957673468585894 0.07634955048717158 0.0745108060869194
 0.7382742735936014 0.932639023143094 0.6898088219071077 0.06491674474190931 0.06376689071878616
 0.746128255227576 0.9312149347588035 0.6838120877160727 0.05365127804997274 0.05299074178798591
 0.7539822368615504 0.9297764858882513 0.677777888726662 0.04255802575862821 0.04222244301405528
 0.7618362184955249 0.9283236987140988 0.6717069736939649 0.03164173144763801 0.03150130432345356
 0.7696902001294994 0.9268565956401208 0.6656000955844329 0.02090700424478171 0.02086574904765547
 0.7775441817634738 0.9253751992908621 0.6594580114727567 0.01035831624002485 0.01035320503624773
 0.7853981633974484 0.9238795325112867 0.6532814824381882 1.050569959614109e-16 1.050569959614109e-16
 0.7932521450314228 0.9223696183664269 0.6470712734603193 0.01016375381560517 0.01015873861663961
 0.8011061266653973 0.9208454801410263 0.6408281533143341 0.0201288987342384 0.02008917895059592
 0.8089601082993718 0.9193071413391819 0.6345528944657453 0.02989153464581178 0.02975887495698541
 0.8168140899333463 0.917754625683981 0.6282462729646363 0.03944790987180435 0.03913685131994561
 0.8246680715673208 0.9161879571171359 0.6219090683394147 0.04879442312685708 0.04819368280846249
 0.8325220532012952 0.9146071597986136 0.6155420634900999 0.05792762537165119 0.05690156786756068
 0.8403760348352697 0.9130122581062644 0.609146044581154 0.06684422155594807 0.06523439625519706
 0.8482300164692442 0.9114032766354452 0.6027218009338745 0.07554107225074345 0.0731678105556714
 0.8560839981032187 0.909780240198641 0.5962701249183623 0.08401519516857354 0.08067926142129721
 0.8639379797371932 0.9081431738250811 0.5897918118450777 0.09226376657109332 0.08774805641537324
 0.8717919613711677 0.9064921027603549 0.5832876598560057 0.1002841225631254 0.09435540235109317
 0.8796459430051422 0.9048270524660196 0.5767584698154371 0.1080737602724677 0.1004844410428643
 0.8874999246391166 0.9031480486192112 0.5702050452003895 0.115630338914825 0.1061202784084871
 0.8953539062730911 0.9014551171122457 0.5636281919906747 0.1229516807433186 0.11125000688272
 0.9032078879070656 0.8997482840522214 0.557028718558636 0.1300357718821096 0.11586272112483
 0.9110618695410401 0.8980275757606155 0.550407435558564 0.1368807630437564 0.1199495270247449
 0.9189158511750146 0.8962930187728785 0.5437651558158094 0.1434849701300139 0.1235035440343085
 0.9267698328089891 0.8945446398380251 0.5371026942156087 0.1498468747158627 0.1265199008718047
 0.9346238144429635 0.892782465918221 0.5304208675916363 0.1559651244166456 0.1289957246693227
 0.942477796076938 0.8910065241883678 0.5237204946142993 0.1618385331382717 0.1309301236535748
 0.9503317777109125 0.8892168420356844 0.5170023956787911 0.1674660812105321 0.1323241634714163
 0.958185759344887 0.8874134470592833 0.5102673927929176 0.1728469154036602 0.1331808372914667
 0.9660397409788615 0.8855963670697458 0.5035163094647152 0.1779803488283483 0.1335050298328347
 0.9738937226128359 0.8837656300886932 0.4967499705898694 0.1828658607195226 0.1333034754909454
 0.9817477042468105 0.881921264348355 0.4899692023389577 0.1875030961042576 0.1325847107487934
 0.9896016858807849 0.8800632982911318 0.4831748320445276 0.1918918653542986 0.1313590210795427
 0.9974556675147594 0.8781917605691592 0.4763676880880243 0.1960321436237419 0.1296383825632107
 1.005309649148734 0.8763066800438635 0.4695485997865884 0.1999240701725055 0.1274363984561554
 1.013163630782708 0.8744080857855189 0.4627183972797352 0.2035679475763063 0.1247682309671774
 1.021017612416683 0.8724960070727972 0.4558779114159329 0.2069642408239402 0.1216505285082199
 1.028871594050657 0.8705704733923173 0.4490279736390952 0.2101135763027436 0.1181013487008374
 1.036725575684632 0.8686315144381912 0.4421694158750059 0.2130167406731935 0.1141400774317892
 1.044579557318606 0.8666791601115643 0.4353030704176852 0.2156746796336848 0.1097873442622387
 1.052433538952581 0.8647134405201552 0.4284297698157218 0.2180884965766008 0.1050649345050968
 1.060287520586555 0.8627343859777918 0.4215503467585818 0.2202594511368695 0.09999569829398569
 1.06814150222053 0.8607420270039436 0.4146656339629076 0.2221889576342786 0.09460345697510499
 1.075995483854504 0.8587363943232506 0.4077764640588301 0.2238785834108928 0.0889129071599388
 1.083849465488479 0.8567175188650498 0.4008836694763019 0.2253300470649969 0.08294952278221936
 1.091703447122453 0.8546854317628979 0.3939880823314734 0.2265452165830569 0.07673945550686377
 1.099557428756428 0.8526401643540922 0.3870905343131236 0.2275261073712676 0.07030943384170073
 1.107411410390402 0.8505817481791862 0.3801918565691634 0.2282748801883234 0.06368666130471276
 1.115265392024377 0.8485102149815037 0.3732928795932267 0.22879383898112 0.0568987140002286
 1.123119373658351 0.8464255967066492 0.3663944331113639 0.2290854286251641 0.04997343795700955
 1.130973355292326 0.844327925502015 0.3594973459688554 0.2291522325715328 0.04293884657950752
 1.1388273369263 0.8422172337162865 0.3526024460171593 0.228996970402293 0.03582301856071633
 1.146681318560275 0.8400935538989418 0.3457105600010093 0.2286224952963518 0.02865399660103159
 1.154535300194249 0.837956918799751 0.3388225134456798 0.228031791407776 0.02145968727238501
 1.162389281828224 0.8358073613682703 0.3319391305444303 0.227227971158675 0.014267762360645
 1.170243263462198 0.8336449147533342 0.325061234046149 0.2262142724488043 0.007105562011923469
 1.178097245096172 0.8314696123025452 0.3181896451432086 0.2249940557841039 4.132937254282201e-17
 1.185951226730147 0.8292814875617576 0.3113251833595496 0.2235708013264393 0.007022528577368989
 1.193805208364122 0.8270805742745618 0.3044686664390096 0.2219481058668724 0.01393623687592804
 1.201659189998096 0.8248669063817634 0.2976209102339083 0.2201296797248361 0.02071603287024912
 1.20951317163207 0.8226405180208598 0.2907827285939106 0.2181193435756419 0.02733760263325865
 1.217367153266045 0.8204014435255137 0.2839549332551778 0.2159210252087958 0.03377749006947614
 1.225221134900019 0.8181497174250234 0.2771383337298252 0.2135387562196465 0.04001317285543806
 1.233075116533994 0.8158853744437911 0.2703337371956998 0.210976668636933 0.04602313435550492
 1.240929098167968 0.8136084495007871 0.2635419483864943 0.208238991488844 0.0517869312966838
 1.248783079801943 0.81131897770901 0.2567637694822124 0.205330047310241 0.0572852570021714
 1.256637061435917 0.8090169943749476 0.2500000000000001 0.2022542485937369 0.06249999999999998
 1.264491043069892 0.8067025349980301 0.243251436685359 0.1990160941873575 0.06741429784036659
 1.272345024703866 0.8043756352700845 0.2365188734037567 0.1956201656415515 0.07201258597289882
 1.280199006337841 0.8020363310747832 0.2298031010326465 0.1920711235083423 0.07628064155319061
 1.288052987971815 0.7996846584870906 0.2231049073539167 0.1883737035954518 0.08020562206636044
 1.29590696960579 0.797320653772707 0.2164250769467786 0.1845327131782484 0.08377609867408754
 1.303760951239764 0.79494435338751 0.2097643910811134 0.1805530271724055 0.08698208421049328
 1.311614932873739 0.7925557939769907 0.2031236276112874 0.1764395842701717 0.08981505577129524
 1.319468914507713 0.7901550123756904 0.1965035608704548 0.1721973830431856 0.09226797185980076
 1.327322896141688 0.787742045606631 0.1899049615653609 0.1678314780147802 0.09433528407246325
 1.335176877775662 0.7853169308807449 0.1833285966716583 0.1633469757047455 0.09601294332582638
 1.343030859409637 0.7828797055963016 0.1767752293297557 0.1587490306495274 0.09729840064566797
 1.350884841043611 0.7804304073383297 0.1702456187412072 0.1540428414008603 0.09819060255796104
 1.358738822677586 0.7779690738780383 0.1637405200656621 0.1492336465058363 0.09868998113982509
 1.36659280431156 0.7754957431722345 0.1572606843183861 0.1443267204714271 0.09879843880689425
 1.374446785945535 0.7730104533627369 0.1508068582683695 0.1393273697164771 0.09851932793140625
 1.382300767579509 0.770513242775789 0.1443797843370369 0.1342409285141938 0.09785742540276769
 1.390154749213484 0.7680041499214678 0.1379802004975693 0.1290727549281595 0.09681890225931193
 1.398008730847458 0.7654832134930881 0.1316088401748578 0.1238282267448939 0.09541128853638396
 1.405862712481432 0.7629504723666088 0.1252664321460979 0.1185127374059874 0.09364343349170492
 1.413716694115407 0.7604059656000309 0.1189537004420409 0.1131316919428247 0.09152546138413653
 1.421570675749382 0.7578497324327966 0.1126713642489156 0.1076905029169119 0.08906872299643588
 1.429424657383356 0.7552818122851837 0.1064201378110324 0.1021945863688045 0.08628574310630922
 1.43727863901733 0.7527022447576972 0.1002007303340853 0.09664935777863126 0.08319016412300843
 1.445132620651305 0.7501110696304595 0.09401384588916446 0.09106022804118689 0.07979668611880961
 1.45298660228528 0.7475083268625967 0.08786018331749214 0.08543259945855509 0.07612100349594424
 1.460840583919254 0.744894056591622 0.08174043613589564 0.07977186175320426 0.07217973853987862
 1.468694565553228 0.742268299132817 0.07565529244302972 0.07408338810447521 0.06799037211922376
 1.476548547187203 0.7396310949786099 0.06960543482636282 0.06837253121136284 0.06357117180098573
 1.484402528821177 0.7369824847979508 0.06359154026993849 0.06264461938446328 0.05894111765729859
 1.492256510455152 0.7343225094356854 0.05761428006292565 0.05690495266993456 0.05411982604620858
 1.500110492089126 0.7316512099119247 0.0516743197089705 0.05115879900828978 0.04912747165447653
 1.507964473723101 0.7289686274214114 0.04577231883636084 0.04541139043080718 0.0439847080947177
 1.515818455357075 0.7262748033328865 0.03990893110901824 0.03966791929631472 0.03871258735250702
 1.52367243699105 0.7235697791884493 0.03408480413832772 0.03393353457106474 0.03333247838131809
 1.531526418625024 0.7208535967029187 0.02830057939581842 0.028213338154382 0.02786598514435104
 1.539380400258999 0.7181262977631887 0.02255689212670766 0.02251238125272748 0.02233486440242738
 1.547234381892973 0.7153879244275829 0.01685437126431828 0.0168356608047775 0.01676094354619536
 1.555088363526948 0.7126385189252055 0.01119363934538411 0.01118811596007939 0.01116603876891416
 1.562942345160922 0.7098781236552902 0.005575312426253031 0.005574624613795038 0.005571873873064422
 1.570796326794897 0.7071067811865475 1.137128730147807e-16 1.137128730147807e-16 1.137128730147807e-16
 1.578650308428871 0.7043245342565061 0.005531695085538451 0.005531012654043538 0.005528283433182393
 1.586504290062846 0.7015314257708557 0.01101917670879685 0.01101373941027173 0.01099200631139501
 1.59435827169682 0.6987274988027844 0.01646185555457024 0.01644358083654668 0.01637060364274196
 1.602212253330795 0.6959127965923143 0.02185914919314767 0.02181601515546266 0.02164398935983396
 1.610066234964769 0.6930873625456359 0.02721048215848057 0.02712660132302529 0.02679262784672471
 1.617920216598744 0.6902512402344371 0.03251528602537331 0.03237098203505172 0.03179760294659873
 1.625774198232718 0.6874044733952327 0.0377729994856881 0.03754488665920256 0.03664068421580623
 1.633628179866693 0.6845471059286887 0.04298306842355029 0.04264413409061036 0.0413043902010766
 1.641482161500667 0.6816791818989463 0.04814494598954607 0.04766463552913652 0.04577204852872268
 1.649336143134642 0.6788007455329418 0.05325809267390169 0.05260239717634803 0.05002785260731156
 1.657190124768616 0.6759118412197247 0.05832197637863314 0.05745352285036993 0.05405691475858522
 1.66504410640259 0.6730125135097733 0.06333607248865863 0.06221421651683743 0.05784531560531592
 1.672898088036565 0.6701028071143076 0.0682998639418612 0.06688078473423352 0.06138014955921741
 1.680752069670539 0.6671827669045997 0.07321284129809366 0.07144963901197096 0.06464956626696282
 1.688606051304514 0.6642524379112816 0.07807450280711603 0.07591729807964358 0.06764280788771547
 1.696460032938488 0.6613118653236518 0.08288435447545504 0.08028039006594224 0.0703502420913122
 1.704314014572463 0.6583610944889771 0.08764191013217867 0.0845356545858046 0.07276339068229067
 1.712167996206437 0.6554001709117939 0.092346691493574 0.08867994473443579 0.07487495377125951
 1.720021977840412 0.6524291402532068 0.09699822822672116 0.09271022898691431 0.07667882943162323
 1.727875959474386 0.6494480483301837 0.1015960580119544 0.09662359300216965 0.07817012879632344
 1.735729941108361 0.6464569411148499 0.1061397266042004 0.1004172413301925 0.07934518656599091
 1.743583922742335 0.6434558647337789 0.1106287878931881 0.1040884990214167 0.08020156691665635
 1.75143790437631 0.6404448654672811 0.1150628039625182 0.1076348131372849 0.08073806481188339
 1.759291886010284 0.6374239897486896 0.119441345147587 0.1110537541610892 0.080954702740804
 1.767145867644259 0.6343932841636454 0.1237639900923548 0.1143430173082563 0.08085272291999876
 1.774999849278233 0.6313527954493776 0.1280303258049528 0.1175004237353226 0.08043457501340966
 1.782853830912208 0.6283025704939835 0.1322399477121187 0.1205239216469249 0.07970389944044957
 1.790707812546182 0.6252426563357052 0.1363924597124553 0.1234115873002112 0.07866550635811934
 1.798561794180157 0.6221731001622041 0.1404874742285036 0.126161625906155 0.07732535041821041
 1.806415775814131 0.619093949309834 0.1445246122576237 0.1287723724273369 0.07569050141550247
 1.814269757448106 0.6160052512629098 0.1485035034216773 0.1312422922718371 0.0737691109572107
 1.82212373908208 0.6129070536529765 0.1524237860155023 0.1335699818829612 0.07157037529774968
 1.829977720716055 0.6097994042580739 0.1562851070541765 0.1357541692246042 0.069104494496108
 1.837831702350029 0.6066823510019996 0.1600871223190607 0.1377937141621365 0.06638262806573073
 1.845685683984004 0.6035559419535714 0.1638294964026162 0.1396876087387748 0.06341684729873857
 1.853539665617978 0.6004202253258839 0.1675119027519917 0.1414349773474844 0.06022008445753395
 1.861393647251953 0.597275249475567 0.171134023711371 0.143035076798536 0.05680607903732238
 1.869247628885927 0.5941210629020385 0.1746955505630775 0.1444872962829209 0.05318932131276879
 1.877101610519902 0.5909577142467572 0.1781961835674295 0.1457911572319101 0.04938499339089137
 1.884955592153876 0.587785252292473 0.1816356320013403 0.1469463130731183 0.04540890800033498
 1.892809573787851 0.5846037259624736 0.1850136141956588 0.1479525488835177 0.04127744525433567
 1.900663555421825 0.5814131843198306 0.1883298575712443 0.1488097809399186 0.03700748763097506
 1.908517537055799 0.578213676566643 0.1915840986737715 0.1495180561675182 0.03261635341969273
 1.916371518689774 0.5750052520432785 0.1947760832072598 0.1500775514871927 0.02812172888747682
 1.924225500323749 0.5717879602276121 0.1979055660663238 0.1504885730622836 0.02354159942166595
 1.932079481957723 0.5685618507342639 0.2009723113671393 0.1507515554457106 0.01889417990885934
 1.939933463591697 0.5653269733138327 0.2039760924771211 0.1508670606283112 0.01419784461105237
 1.947787445225672 0.5620833778521306 0.2069166920433084 0.1508357769893894 0.009471056800771406
 1.955641426859646 0.5588311143694116 0.2097939020194542 0.1506585181505238 0.004732298416693807
 1.963495408493621 0.5555702330196022 0.2126075236918142 0.1503362217337613 8.749971475697628e-17
 1.971349390127595 0.5523007840895265 0.2153573677036325 0.1498699480253942 0.004707528830477328
 1.97920337176157 0.5490228179981318 0.2180432540783211 0.1492608785465885 0.009372168109342067
 1.987057353395544 0.5457363852957099 0.2206650122413278 0.148510314532201 0.01397605521102749
 1.994911335029519 0.5424415366631187 0.223222481040693 0.1476196753191941 0.01850165124546743
 2.002765316663493 0.5391383229110002 0.2257155087662885 0.1465904966461205 0.0229318059228177
 2.010619298297468 0.5358267949789967 0.2281439531677406 0.1454244288652194 0.02724982065364307
 2.018473279931442 0.5325070039349651 0.2305076814710296 0.1441232350687311 0.0314395096584489
 2.026327261565417 0.5291790009741907 0.232806570393768 0.1426887891310986 0.03548525886870267
 2.034181243199391 0.5258428374185956 0.2350405061591524 0.1411230736687881 0.03937208241051081
 2.042035224833366 0.5224985647159489 0.2372093845085895 0.1394281779195236 0.04308567647186656
 2.04988920646734 0.5191462344390728 0.2393131107129922 0.137606295542785 0.04661247036482206
 2.057743188101315 0.5157858982850473 0.2413515995827453 0.1356597223434843 0.04993967460502289
 2.065597169735289 0.5124176080744129 0.243324775476341 0.1335908539207834 0.05305532584273834
 2.073451151369264 0.5090414157503712 0.2452325723076802 0.1314021832440792 0.055948328491768
 2.081305133003238 0.5056573733779846 0.2470749335520401 0.1290962981582294 0.05860849291538015
 2.089159114637213 0.5022655331433725 0.2488518122507086 0.1266758788201463 0.06102657004166917
 2.097013096271187 0.4988659473529073 0.2505631710142816 0.1241436950689376 0.06319428229437439
 2.104867077905161 0.4954586684324075 0.2522089820246265 0.1215026037318173 0.06510435073922273
 2.112721059539136 0.4920437489263291 0.2537892270355089 0.1187555458680602 0.0667505183601929
 2.12057504117311 0.488621241496955 0.255303897371884 0.1159055439533156 0.06812756939469591
 2.128429022807085 0.4851911989235837 0.2567529939278519 0.1129556990066399 0.0692313446714722
 2.13628300444106 0.4817536741017152 0.2581365271632782 0.1099091876626486 0.07005875290996302
 2.144136986075034 0.4783087200422344 0.2594545170990792 0.1067692591912257 0.07060777795497399
 2.151990967709009 0.4748563898705945 0.2607069933111734 0.1035392324672683 0.07087748193554627
 2.159844949342983 0.4713967368259976 0.2618939949230997 0.1002224928929771 0.07086800435204473
 2.167698930976957 0.4679298142605733 0.2630155705973032 0.09682248927523751 0.07058055711049425
 2.175552912610932 0.4644556756385565 0.2640717785250907 0.09334273066066701 0.07001741553810083
 2.183406894244906 0.4609743745354624 0.2650626864152563 0.08978678313093374 0.06918190542862228
 2.191260875878881 0.4574859646372604 0.265988371481379 0.08615826656097858 0.06807838618075805
 2.199114857512855 0.4539904997395468 0.2668489204277955 0.0824608513427969 0.06671223010694889
 2.20696883914683 0.4504880337467141 0.2676444294342473 0.07869825507746034 0.06508979800387191
 2.214822820780805 0.4469786206711209 0.2683750041392074 0.07487423923808006 0.06321841108942977
 2.222676802414779 0.4434623146322583 0.2690407596218871 0.07099260580642797 0.06110631942411677
 2.230530784048753 0.439939169855915 0.2696418203829253 0.06705719388595564 0.05876266694725949
 2.238384765682728 0.436409240673342 0.2701783203237652 0.06307187629395866 0.05619745327071884
 2.246238747316702 0.4328725815204139 0.2706504027247177 0.05904055613564951 0.05342149238417432
 2.254092728950677 0.4293292469367899 0.2710582202217185 0.05496716336291221 0.05044636843703974
 2.261946710584651 0.4257792915650727 0.2714019347817792 0.05085565132051889 0.04728438877235028
 2.269800692218626 0.4222227701499655 0.2716817176771376 0.04670999328259484 0.04394853439757455
 2.2776546738526 0.4186597375374281 0.2718977494581096 0.04253417898212215 0.04045240808621162
 2.285508655486575 0.4150902486738311 0.272050219924648 0.03833221113627304 0.03681018031219841
 2.293362637120549 0.4115143586051087 0.2721393280966107 0.03410810197036519 0.03303653322655401
 2.301216618754524 0.4079321224759091 0.2721652821827431 0.02986586974322314 0.02914660289229073
 2.309070600388498 0.4043435955287449 0.2721282995483798 0.02560953527673335 0.02515591999942178
 2.316924582022473 0.4007488331031409 0.2720286066818685 0.02134311849236493 0.02108034928684932
 2.324778563656447 0.3971478906347806 0.2718664391597225 0.01707063495742339 0.01693602790203259
 2.332632545290422 0.3935408236546514 0.271642041610505 0.01279609244379193 0.01273930293258412
 2.340486526924396 0.3899276877881883 0.2713556676774529 0.008523487501901119 0.008506668346321637
 2.34834050855837 0.386308538754416 0.2710075799798413 0.004256802052652013 0.004254701577804
 2.356194490192345 0.3826834323650898 0.2705980500730985 4.970641371771933e-17 4.970641371771933e-17
 2.36404847182632 0.3790524245238344 0.2701273584076737 0.004242976133113407 0.004240882480522073
 2.371902453460294 0.3754155712252829 0.2695957942866652 0.008468208542815219 0.008451498467634214
 2.379756435094269 0.371772928554212 0.2690036558222144 0.01267180745370294 0.01261556952368045
 2.387610416728243 0.3681245526846779 0.2683512498906708 0.01684991439697591 0.01671704778913027
 2.395464398362217 0.3644704998791496 0.2676388920865359 0.02099870545471195 0.02074017654521051
 2.403318379996192 0.3608108264876418 0.2668669066751916 0.0251143944677317 0.02466954949542396
 2.411172361630166 0.3571455889468453 0.2660356265444196 0.0291932362045265 0.0284901685472345
 2.419026343264141 0.3534748437792571 0.2651453931547181 0.03323152948875956 0.03218749988136206
 2.426880324898115 0.3497986475923087 0.2641965564884253 0.03722562028288624 0.03574752810306319
 2.43473430653209 0.346117057077493 0.2631894749976521 0.04117190472547687 0.03915680827744801
 2.442588288166065 0.3424301290094898 0.2621245155510371 0.04506683211986606 0.04240251565927055
 2.450442269800039 0.3387379202452913 0.2610020533793261 0.04890690787179172 0.04547249293669495
 2.458296251434013 0.3350404877233238 0.259822472019787 0.05268869637373584 0.04835529481825486
 2.466150233067988 0.3313378884625709 0.2585861632594663 0.05640882383371561 0.05104022980253583
 2.474004214701962 0.3276301795616934 0.2572935270772965 0.0600639810463288 0.05351739898100541
 2.481858196335937 0.3239174181981493 0.2559449715850604 0.06365092610390068 0.05577773173582649
 2.489712177969911 0.3201996616273118 0.2545409129672229 0.06716648704563166 0.05781301820639111
 2.497566159603886 0.3164769671815861 0.2530817754196368 0.07060756444269631 0.05961593841065162
 2.50542014123786 0.3127493922695259 0.2515679910871327 0.07397113391729782 0.06118008792005921
 2.513274122871834 0.3090169943749475 0.25 0.07725424859373682 0.06249999999999999
 2.521128104505809 0.3052798310560434 0.2483782500093697 0.08045404147960968 0.06357116414099523
 2.528982086139784 0.3015379599444956 0.2467031967215071 0.08356772777530844 0.06439004091955723
 2.536836067773758 0.2977914387445852 0.2449753034310228 0.08659260711005698 0.06495407314141494
 2.544690049407733 0.2940403252323039 0.2431950410530129 0.08952606570277233 0.06526169323378901
 2.552544031041707 0.2902846772544623 0.2413628880541372 0.09236557844610822 0.06531232686746111
 2.560398012675682 0.2865245527277983 0.2394793303826449 0.09510871091209717 0.06510639280348439
 2.568251994309656 0.2827600096380834 0.2375448613973566 0.09775312127787267 0.06464529897347913
 2.57610597594363 0.2789911060392293 0.2355599817956152 0.1002965621700184 0.06393143481649065
 2.583959957577605 0.2752179000523916 0.2335251995402127 0.1027368824261581 0.06296815990930885
 2.59181393921158 0.2714404498650741 0.2314410297853056 0.1050720287724663 0.06175978894090601
 2.599667920845554 0.2676588137302321 0.229307994801327 0.1073000474158496 0.06031157309519441
 2.607521902479529 0.2638730499653728 0.2271266238989079 0.1094190855496174 0.05862967791958406
 2.615375884113503 0.2600832169516565 0.2248974533518168 0.1114273927715307 0.05672115776979261
 2.623229865747478 0.2562893731329965 0.2226210263189295 0.1133233224131886 0.05459392693396681
 2.631083847381452 0.2524915770151579 0.2202978927652389 0.1151053327797854 0.05225672755138156
 2.638937829015426 0.2486898871648548 0.217928609381917 0.1167719882993423 0.04971909445273888
 2.646791810649401 0.2448843622088475 0.2155137395054386 0.1183219605805912 0.04699131706035343
 2.654645792283375 0.2410750608330387 0.2130538530357805 0.1197540293787629 0.04408439849724489
 2.66249977391735 0.2372620417815678 0.2105495263537047 0.1210670834686049 0.04101001206431834
 2.670353755551325 0.2334453638559053 0.208001342237139 0.1222601214240299 0.03778045525436969
 2.678207737185299 0.2296250859139466 0.205409889776667 0.1233322523038715 0.03440860148056625
 2.686061718819273 0.2258012668691036 0.2027757642901369 0.1242826962432983 0.03090784970528967
 2.693915700453248 0.2219739656893959 0.200099567236404 0.1251107849505144 0.02729207216277087
 2.701769682087222 0.2181432413965425 0.1973819061282169 0.1258159621084494 0.02357556037574889
 2.709623663721197 0.2143091530650507 0.1946233944442603 0.1263977836812204 0.01977296967244247
 2.717477645355171 0.2104717598213056 0.1918246515403664 0.1268559181252193 0.01589926241540233
 2.725331626989146 0.2066311208426582 0.1889863025599077 0.127190146504762 0.01196965015829787
 2.73318560862312 0.2027872953565125 0.1861089783433831 0.1274003625123079 0.007999534950370681
 2.741039590257095 0.1989403426394126 0.1831933153372102 0.1274865723933356 0.004004450011143459
 2.748893571891069 0.1950903220161281 0.1802399555017369 0.1274488947760398 1.717685616937889e-16
 2.756747553525044 0.1912372928587401 0.1772495462184847 0.1272875604060857 0.003998198893558409
 2.764601535159018 0.1873813145857245 0.1742227401966359 0.1270029117867389 0.00797457881282502
 2.772455516792993 0.1835224466610363 0.1711601953787795 0.1265954027247595 0.01191367982430527
 2.780309498426967 0.1796607485931925 0.1680625748459274 0.1260655977825278 0.01580020901130127
 2.788163480060942 0.1757962799343544 0.164930546721815 0.1254141716369428 0.01961909884848889
 2.796017461694916 0.1719291002794095 0.161764784076499 0.1246419083457086 0.02335556463829231
 2.80387144332889 0.1680592692650519 0.158565964829266 0.1237497005216993 0.02699516079365491
 2.811725424962865 0.1641868465688629 0.1553347716508658 0.1227385484161649 0.03052383575639411
 2.819579406596839 0.1603118919083912 0.1520718918650827 0.1216095589116144 0.03392798534569409
 2.827433388230814 0.1564344650402307 0.1487780173496578 0.120363944425284 0.03719450433741463
 2.835287369864789 0.1525546257591009 0.1454538444365785 0.1190030217241701 0.04031083608175074
 2.843141351498763 0.1486724338969229 0.1421000738117454 0.117528210652676 0.04326501997434707
 2.850995333132738 0.1447879493218976 0.1387174104140338 0.115941032773993 0.04604573660420937
 2.858849314766712 0.1409012319375826 0.135306563333763 0.1142431099264032 0.04864235041065471
 2.866703296400686 0.137012341681968 0.1318682457105864 0.1124361626957602 0.05104494969104523
 2.874557278034661 0.1331213385265523 0.1284031746308179 0.1105220088054716 0.05324438381113809
 2.882411259668635 0.1292282824754177 0.1249120710242084 0.1085025614253691 0.05523229748051151
 2.89026524130261 0.1253332335643043 0.1213956595601869 0.1063798274009225 0.05700116196665511
 2.898119222936584 0.1214362518596847 0.1178546685435803 0.1041559054043114 0.05854430313290231
 2.905973204570559 0.1175373974578375 0.1142898298098275 0.1018329840089345 0.05985592619738709
 2.913827186204534 0.113636730483921 0.1107018786197013 0.09941333968899627 0.0609311371225853
 2.921681167838508 0.1097343110910451 0.107091553553552 0.09689933474586733 0.06176596055770465
 2.929535149472482 0.1058301994593445 0.1034595964050905 0.09429341516298027 0.06235735426916806
 2.937389131106457 0.10192445579505 0.09980675207472275 0.0915981083910711 0.06270322000765009
 2.945243112740431 0.09801714032956055 0.09613376846245084 0.08881602106563737 0.06280241077351946
 2.953097094374406 0.09410831331851428 0.09244139636035743 0.08594983665853613 0.06265473445606762
 2.96095107600838 0.09019803504085913 0.08873038934468656 0.08300231306569709 0.06226095383551233
 2.968805057642355 0.0862863657979234 0.08500150366753664 0.07997628013297729 0.06162278295040526
 2.976659039276329 0.08237336591248573 0.08125549814818095 0.07687463712223272 0.06074287984669448
 2.984513020910304 0.07845909572784478 0.07749313406403006 0.07370035011972975 0.05962483573824512
 2.992367002544278 0.07454361560688941 0.07371517504125309 0.07045644938906592 0.05827316062205529
 3.000220984178253 0.07062698593116655 0.06992238694506937 0.06714602667081004 0.05669326540466805
 3.008074965812227 0.06670926709995091 0.0661155377697307 0.06377223243112048 0.0548914406093293
 3.015928947446202 0.0627905195293133 0.06229539752820556 0.06033827306163406 0.05287483174622064
 3.023782929080176 0.05887080365118898 0.05846273814158269 0.05684740803296097 0.05065141144056647
 3.031636910714151 0.05495017991244571 0.05461833332820858 0.05330294700415648 0.04822994842552335
 3.039490892348125 0.0510287087739516 0.05076295849257472 0.04970824689057505 0.04561997351846662
 3.047344873982099 0.04710645070964267 0.04689739061397002 0.04606670889254601 0.04283174271054849
 3.055198855616074 0.04318346620559014 0.0430224081349135 0.0423817754873403 0.03987619751017411
 3.063052837250049 0.03925981575906845 0.03913879084938435 0.0386569273869286 0.03676492269128705
 3.070906818884023 0.03533555987762105 0.03524731979086155 0.03489568046405397 0.03351010160703129
 3.078760800517998 0.03141075907812818 0.0313487771201929 0.03110158264917431 0.03012446923844065
 3.086614782151972 0.02748547388587336 0.02744394601330603 0.02727821080084603 0.02662126315624422
 3.094468763785946 0.02355976483361008 0.02353361054877819 0.02342916755214539 0.02301417258165869
 3.102322745419921 0.01963369246062826 0.01961855559528032 0.01955807813574199 0.01931728573912105
 3.110176727053895 0.01570731731182065 0.01569956669891096 0.01566858719025555 0.01554503570028024
 3.11803070868787 0.01178069993674922 0.01177742997043598 0.01176435555054215 0.01171214492418689
 3.125884690321844 0.007853900888711352 0.007852931972449429 0.007849057024569006 0.007833568703477548
 3.133738671955819 0.003926980723805817 0.00392685960647143 0.003926375159546912 0.003924437730424185
 3.141592653589793 6.123031769111886e-17 6.123031769111886e-17 6.123031769111886e-17 6.123031769111886e-17
