# number div mult divpad multpad
1 0.464 0.464 0.464 0.464
2 0.512 0.499 0.488 0.499
3 3.204 0.533
4 0.533 0.525 0.512 0.525
5 3.205 0.575
6 3.205 0.575
7 3.190 0.575
8 0.676 0.659 0.652 0.659
9 3.204 0.575
10 3.188 0.575
11 3.204 0.575
12 3.189 0.575
13 3.190 0.575
14 3.188 0.575
15 3.181 0.575
16 0.736 0.723 0.712 0.723
17 3.204 0.575
18 3.190 0.575
19 3.189 0.575
20 3.182 0.575
21 3.188 0.575
22 3.187 0.575
23 3.189 0.575
24 3.187 0.575
25 3.187 0.575
26 3.181 0.575
27 3.181 0.575
28 3.181 0.575
29 3.180 0.575
30 3.180 0.576
31 3.180 0.575
32 0.800 0.784 0.772 0.784
33 3.188 0.575
